Номер1	Номер2	Номер3	Номер4	Номер5	Номер6	Номер7	Номер8	Номер9	Номер10	Номер11	Номер12	Номер13	Номер14	Номер15	Номер16	Номер17	Номер18	Номер19	Номер20	Номер21	Номер22	Номер23	Номер24	Номер25	Номер26	Номер27	Номер28	Номер29	Номер30	Номер31	Номер32	Номер33	Номер34	Номер35
0,593398113	0,554287249	0,08572859	0,852075412	0,23551821	0,47152676	0,860240304	0,898089281	0,11583279	0,970094169	0,673436197	0,848721364	0,383419225	0,50076115	0,31770421	0,013250274	0,386189992	0,892680261	0,892897892	0,86112579	0,40473173	0,92724872	0,90944595	0,330284409	0,70084367	0,926182718	0,211072131	0,317638726	0,140632485	0,784650458	0,95194453	0,884953512	0,950620953	0,434669149	0,204053399
0,477928801	0,375219376	0,068714932	0,498507942	0,077751818	0,181022387	0,88696454	0,712013644	0,659634709	0,013932078	0,678462473	0,568518315	0,887446372	0,256841788	0,01007925	0,76496266	0,177957601	0,554867153	0,373653147	0,799747357	0,557898813	0,123343978	0,2376855	0,679678117	0,842417188	0,964782392	0,685275054	0,213315037	0,054140588	0,40524621	0,2285087	0,290360058	0,261493706	0,302255799	0,131825681
0,672255251	0,932669241	0,570996772	0,668409941	0,810083068	0,711257746	0,765615718	0,612968768	0,844942159	0,948392764	0,217588107	0,341893414	0,214620361	0,71861539	0,477766342	0,352714293	0,535105991	0,436688358	0,254066832	0,805900075	0,179314923	0,619699147	0,677965985	0,025698886	0,741163697	0,796635798	0,220730993	0,147877016	0,187834758	0,691943012	0,565369043	0,354699088	0,193317214	0,629963059	0,858554288
0,723017776	0,578565373	0,321655919	0,272263301	0,946038231	0,743859791	0,736320907	0,185266071	0,257794311	0,441513502	0,542283349	0,865705164	0,52114151	0,828959798	0,588969209	0,195021839	0,73570889	0,197023898	0,158923022	0,450485051	0,811451519	0,293496581	0,844560951	0,931582118	0,009015928	0,425284361	0,364104356	0,473609026	0,044486655	0,329979016	0,759160997	0,192956382	0,528513863	0,761743053	0,178083238
0,09360426	0,564617608	0,983921493	0,282645077	0,10820401	0,027614431	0,250803902	0,138301583	0,097188738	0,618133206	0,644793391	0,970363851	0,574600021	0,348915392	0,725964853	0,183981776	0,735713928	0,728586045	0,174859359	0,120428743	0,02619315	0,374933934	0,651937033	0,155413645	0,956866926	0,415394457	0,658513082	0,277499807	0,118793942	0,718062347	0,788705094	0,077335188	0,721175426	0,261101769	0,814787743
0,294913584	0,372049689	0,460354446	0,743368759	0,841738369	0,572109172	0,049532519	0,18893867	0,16471496	0,896676282	0,71949739	0,988732198	0,320938046	0,320397099	0,11633793	0,71893614	0,34037604	0,300937018	0,098975858	0,035078589	0,412456553	0,589871538	0,256845706	0,087686416	0,196475852	0,189317859	0,599705823	0,194802296	0,038470015	0,61410316	0,149664496	0,801825162	0,655701143	0,421803475	0,891933548
0,011856139	0,794371047	0,505067269	0,100236313	0,979409367	0,408113834	0,52386825	0,258733269	0,961868091	0,341689825	0,365311792	0,314566786	0,514117693	0,319614774	0,693398239	0,4984778	0,725316028	0,304207084	0,748154218	0,665211824	0,189618894	0,941112512	0,331592947	0,333062113	0,960672859	0,873138618	0,408952872	0,598363858	0,032966962	0,99907151	0,201317193	0,503417933	0,462659831	0,059733873	0,810305801
0,863939918	0,868933752	0,793149738	0,610286933	0,259383643	0,783890434	0,406919194	0,404762083	0,695265239	0,852125493	0,909269557	0,964616708	0,671060331	0,172057774	0,153408479	0,099921788	0,727632991	0,001429964	0,322272555	0,926338946	0,047729019	0,365382736	0,876914698	0,473114903	0,031933098	0,328049702	0,606871501	0,656878049	0,018768988	0,400822018	0,95220174	0,032995076	0,39867925	0,624146479	0,512000467
0,494021427	0,488025039	0,064389179	0,700915881	0,948756675	0,650583689	0,119191582	0,773694853	0,730989026	0,797543164	0,04848775	0,606984937	0,219574901	0,885837597	0,096036741	0,844667169	0,764580148	0,099348804	0,795595532	0,686940458	0,843267655	0,578140471	0,138756716	0,753115104	0,933586109	0,328031707	0,363516363	0,174447913	0,321606134	0,403956401	0,97599572	0,904899806	0,696048385	0,474907919	0,579672915
0,376692188	0,456684265	0,058603771	0,157200581	0,166263007	0,478527964	0,184152355	0,768453124	0,990581479	0,523684516	0,161144993	0,334170342	0,259343949	0,032221508	0,591522836	0,469380465	0,799872271	0,969720825	0,262688515	0,654360355	0,198547279	0,486392877	0,997253217	0,029843347	0,917406103	0,155455596	0,438747446	0,674403298	0,277320712	0,476220731	0,879169065	0,0236031	0,499006876	0,774938446	0,197476739
0,016773375	0,964166626	0,357031659	0,798210263	0,497641504	0,079832533	0,899819808	0,873362165	0,148639504	0,316654194	0,201811574	0,379615315	0,792562687	0,288382528	0,481126777	0,239623723	0,655109201	0,306479355	0,699573163	0,101617962	0,441497882	0,036935798	0,374908371	0,542237073	0,723080383	0,024904542	0,763282764	0,167114925	0,428331262	0,104371098	0,455120342	0,81353172	0,848398995	0,474680219	0,475672598
0,247500424	0,495909244	0,106602238	0,992522822	0,197839738	0,391348218	0,326440565	0,635613109	0,827265097	0,061382618	0,618519629	0,476906666	0,708296659	0,977555679	0,025290665	0,035270611	0,09118129	0,372339311	0,600756895	0,626403442	0,832116092	0,259395135	0,813593634	0,236895421	0,182367748	0,569489391	0,575928328	0,449898089	0,157194822	0,664052455	0,283901715	0,393420006	0,21859282	0,909834942	0,426906233
0,863217238	0,129463494	0,693943036	0,075227103	0,308670997	0,056340447	0,268076523	0,256513488	0,964118859	0,398108164	0,206987812	0,260628123	0,405544529	0,662706799	0,642922704	0,900324739	0,987217136	0,304625596	0,787995084	0,985019984	0,649841031	0,518727221	0,840325833	0,532056325	0,072808282	0,193059236	0,435589916	0,595675838	0,685513424	0,813815862	0,174516341	0,568303732	0,427774325	0,817898194	0,897456442
0,353771302	0,897794824	0,844823461	0,223850008	0,391464655	0,387365193	0,777876928	0,876429293	0,255172895	0,860826452	0,091588593	0,929023824	0,974520362	0,127312667	0,358917032	0,921160598	0,567921165	0,943796897	0,532539679	0,729717964	0,388824536	0,892488243	0,85493231	0,912144389	0,874809012	0,957062253	0,112418619	0,187824597	0,581039249	0,01941894	0,867395987	0,470621566	0,225905103	0,068956605	0,159945274
0,479695026	0,27922556	0,886432089	0,349219188	0,748577408	0,500969599	0,57502338	0,930798567	0,122888903	0,443719707	0,703161362	0,515329715	0,582188582	0,70944014	0,044750304	0,113499229	0,860008053	0,946032444	0,215244129	0,347273392	0,041101868	0,253634073	0,715047642	0,101057967	0,624726928	0,000774314	0,376857952	0,746047481	0,764713675	0,826757239	0,818884235	0,947416297	0,356584039	0,779215184	0,353231539
0,863995631	0,361887001	0,830039976	0,762359829	0,316606891	0,814142694	0,507732653	0,116915351	0,250341992	0,060835765	0,183669808	0,279042418	0,651739178	0,791945915	0,728980214	0,614575887	0,609742101	0,296744392	0,13554527	0,685611796	0,772140489	0,753037579	0,338826929	0,28602137	0,325399547	0,599951846	0,413614802	0,986577469	0,729869637	0,258285341	0,51371075	0,835449934	0,559428747	0,11809199	0,963178097
0,39513403	0,052237351	0,868863616	0,04282689	0,387886356	0,78982384	0,547025885	0,929859652	0,100786613	0,013263187	0,73399085	0,042818606	0,701694453	0,566609482	0,1471504	0,623392068	0,069566136	0,469430263	0,647548176	0,056377357	0,255126709	0,687602592	0,2588684	0,247166848	0,946717828	0,585590098	0,768869901	0,482565281	0,67772004	0,60809104	0,616392164	0,558493099	0,941875704	0,05539581	0,606586859
0,949224738	0,918830408	0,791174736	0,406940348	0,538851945	0,381919426	0,130356034	0,966471226	0,643811475	0,594500068	0,962823458	0,053010265	0,886810075	0,099409499	0,363807903	0,619531037	0,716465304	0,278943484	0,966973271	0,473742825	0,179987713	0,104328494	0,20330042	0,708411537	0,094610608	0,930523479	0,949176972	0,575252939	0,206848552	0,577416198	0,457037651	0,795413818	0,120843216	0,313116833	0,759979061
0,15566518	0,618745165	0,592553179	0,24469711	0,459232727	0,662788146	0,143366742	0,793221947	0,769680713	0,638697222	0,511945982	0,033117327	0,89188944	0,63480626	0,506141036	0,373066217	0,014012568	0,618001139	0,433922532	0,856869306	0,740446074	0,024061438	0,094600286	0,134749832	0,822886974	0,951737092	0,87165462	0,973618961	0,530849654	0,508980177	0,836300516	0,151199017	0,272907763	0,948997335	0,249881279
0,606279735	0,958161695	0,350895065	0,958151511	0,560431052	0,165246713	0,32103615	0,509892974	0,414654834	0,994338776	0,953883795	0,899707188	0,162200503	0,047710904	0,201730536	0,038378798	0,125598313	0,309598341	0,64521645	0,320356112	0,707876103	0,954866737	0,702386551	0,904840529	0,098343722	0,474477875	0,145392914	0,071089094	0,801952077	0,510251364	0,027097443	0,778230377	0,045691912	0,354593318	0,037362817
0,637999211	0,187574438	0,93939661	0,177554141	0,355115644	0,961033117	0,503922108	0,246226828	0,022975589	0,212081294	0,500639739	0,242444129	0,530389798	0,093631721	0,045874178	0,58431462	0,188853626	0,319224744	0,455692953	0,157386784	0,20664722	0,739959298	0,464425893	0,524503557	0,556561681	0,69865518	0,014346268	0,928734956	0,233817485	0,813782334	0,045034438	0,967267554	0,42638276	0,168847677	0,413975132
0,274803558	0,399561564	0,449159646	0,021666598	0,257207719	0,059736662	0,53138332	0,675737343	0,532626672	0,675196799	0,65151801	0,399899564	0,402951475	0,542855434	0,399514445	0,803257436	0,734237137	0,841854664	0,714868231	0,545334905	0,937627317	0,243735868	0,100504281	0,019591253	0,132571943	0,391764276	0,149033895	0,106523178	0,508375916	0,63506525	0,301258127	0,950390566	0,858076544	0,52359732	0,88408811
0,897627386	0,56098057	0,784263551	0,884572928	0,630386311	0,88750483	0,711335423	0,538646874	0,416896284	0,813136648	0,567056537	0,122545194	0,401897689	0,098559671	0,813442027	0,518754927	0,114028061	0,080046319	0,567707205	0,021318368	0,038138989	0,563200722	0,633208553	0,59938254	0,879504637	0,5733678	0,293910535	0,474399357	0,324244872	0,593717233	0,884166367	0,157298813	0,202650744	0,246389676	0,868215502
0,890054895	0,076306806	0,996516167	0,627577071	0,185013554	0,704142718	0,109728282	0,726366651	0,275801384	0,77548699	0,501804283	0,664561377	0,310387898	0,84133094	0,249876558	0,519981289	0,602997966	0,595957003	0,445949516	0,991576428	0,461228552	0,497678471	0,25294005	0,862189608	0,410378512	0,551950154	0,769478642	0,61984815	0,43231624	0,878468706	0,996371164	0,684120346	0,021572094	0,125639122	0,700248519
0,984524129	0,597702955	0,591517523	0,869865945	0,896560228	0,374363741	0,296473058	0,67001258	0,028542314	0,507076641	0,654102471	0,87378343	0,700759741	0,61608722	0,252997836	0,397983112	0,85221224	0,844868632	0,496464767	0,559135014	0,458398686	0,707214898	0,108257275	0,643086332	0,094610415	0,036182984	0,903157298	0,053186173	0,860474468	0,245044563	0,687498918	0,559319896	0,884107788	0,798987372	0,689259237
0,710115525	0,284317577	0,384718008	0,711008431	0,109245684	0,235383206	0,135099078	0,283074097	0,835383877	0,556366341	0,221872501	0,173594718	0,28417197	0,442845495	0,550334222	0,421171753	0,240418774	0,74351852	0,328542543	0,295105026	0,90989406	0,74388867	0,805833208	0,024913091	0,637987095	0,841746543	0,81527801	0,942127036	0,479790642	0,14243019	0,309064208	0,855071781	0,229534546	0,271665216	0,97349736
0,038138618	0,032441195	0,973945241	0,237474999	0,005889853	0,871865443	0,575001537	0,477366579	0,576064292	0,765523028	0,972598407	0,260464589	0,997779619	0,049612589	0,2757114	0,082896404	0,311457359	0,574371245	0,953073893	0,715852497	0,991542202	0,762243756	0,904942601	0,961416455	0,171342883	0,595799438	0,65794606	0,057845815	0,882199144	0,591207767	0,677104025	0,04700664	0,237368457	0,528611944	0,99297271
0,59421283	0,190555614	0,789041604	0,345156311	0,017944329	0,897960137	0,253978916	0,714991296	0,736851796	0,508458936	0,710254813	0,15074704	0,246310979	0,794273159	0,814221703	0,567542713	0,884924548	0,863399279	0,601587727	0,684545416	0,31670251	0,434239613	0,271939288	0,745999097	0,866843435	0,081570779	0,772177546	0,321711735	0,443823945	0,248851137	0,259223092	0,220508096	0,497819193	0,574896392	0,011472732
0,293572844	0,568995934	0,742154567	0,381773885	0,552552974	0,438526328	0,903113228	0,376227027	0,990214943	0,795980953	0,599692774	0,013287072	0,037242636	0,547321724	0,022132159	0,377041176	0,721106205	0,637581364	0,887409843	0,040059933	0,475366039	0,648468662	0,621471213	0,458637943	0,730453357	0,504507859	0,088082074	0,446729868	0,193076071	0,769417593	0,568123655	0,27510481	0,090097243	0,004559537	0,708168829
0,495309668	0,331681128	0,605730709	0,540112645	0,377141058	0,387446212	0,808344261	0,376820427	0,878636998	0,359378743	0,178936482	0,925348857	0,939541922	0,081783856	0,119413705	0,401585453	0,618690189	0,414996085	0,133862405	0,535802081	0,18740989	0,559784126	0,560091616	0,347104833	0,217984201	0,652182634	0,976732089	0,068489937	0,813185349	0,527848781	0,489450766	0,246166422	0,723564396	0,706559368	0,36924452
0,867232084	0,711622331	0,443336477	0,77607803	0,784883823	0,165063644	0,338983996	0,558298057	0,351422428	0,99845824	0,604239979	0,689807173	0,369780342	0,683078803	0,205312383	0,624800031	0,184450592	0,624648195	0,779148051	0,429379648	0,143892235	0,476055591	0,697086419	0,80109848	0,880153666	0,3857661	0,269430142	0,010059976	0,61672261	0,874444395	0,210165258	0,120287601	0,241046565	0,329306325	0,253496864
0,91770286	0,116823542	0,946485087	0,041706558	0,590822711	0,361247095	0,528593977	0,093905158	0,360447434	0,040330791	0,654578809	0,101898352	0,537098171	0,05157479	0,525364175	0,142789392	0,079414018	0,563187841	0,40445246	0,742729473	0,875662154	0,654244507	0,482390824	0,443452181	0,844022051	0,517942357	0,360042726	0,218420335	0,427821089	0,740417466	0,379156838	0,641995639	0,254357923	0,307619661	0,391722545
0,701948569	0,139726314	0,690644223	0,589185693	0,694849534	0,547130851	0,557713321	0,572844301	0,820092826	0,169510426	0,070323115	0,804259948	0,853283017	0,157174002	0,478116238	0,501731772	0,42074972	0,628801775	0,152888557	0,313577434	0,99066322	0,896028862	0,099580042	0,866350414	0,18414489	0,708471285	0,488749908	0,099247593	0,706436455	0,823202242	0,748168801	0,851001363	0,249032114	0,502012621	0,431287064
0,685861931	0,691844197	0,114656795	0,849939468	0,199921188	0,810226772	0,803508373	0,572075553	0,033042042	0,678533526	0,037892746	0,068047099	0,524447676	0,278157329	0,98467289	0,287993098	0,715862692	0,107946836	0,200129974	0,058318479	0,08853157	0,774021717	0,34753532	0,050709986	0,976646385	0,040213033	0,440628369	0,80688027	0,451614143	0,314798298	0,038976861	0,206364281	0,962092213	0,730898317	0,272008998
0,204653935	0,880169239	0,552045577	0,224594551	0,101281769	0,965741512	0,120612413	0,97491356	0,557285686	0,166569201	0,338504797	0,614657339	0,605885656	0,792000478	0,635499478	0,391079997	0,740079856	0,526648072	0,680721226	0,579642932	0,411467377	0,88912371	0,452971672	0,364644781	0,087148302	0,732841143	0,786892163	0,987381095	0,723866142	0,02291739	0,675042132	0,217087819	0,184667413	0,988126801	0,034112719
0,945739594	0,791572041	0,324181992	0,497521043	0,093808923	0,457787437	0,759432058	0,328518258	0,683418313	0,294040445	0,971358505	0,212957265	0,025632333	0,565925246	0,244715869	0,314844779	0,064336955	0,752714171	0,386066253	0,821921697	0,014694126	0,76237053	0,862303858	0,617212904	0,249024675	0,14801249	0,729030543	0,272869335	0,891485136	0,272219946	0,239018728	0,25220018	0,899643772	0,066317911	0,00414194
0,662581324	0,528209462	0,545592716	0,837460075	0,628321591	0,999893837	0,088059766	0,47425155	0,496080422	0,640391961	0,204237103	0,875080795	0,779792483	0,062617217	0,290294419	0,048269333	0,613482461	0,066927395	0,26358926	0,960997087	0,961887078	0,067639986	0,892301453	0,728163137	0,901921191	0,755887374	0,102089889	0,051807603	0,73526681	0,072212619	0,00278439	0,414168752	0,497860993	0,349564451	0,038666048
0,697243237	0,976870794	0,08822191	0,827509699	0,174269344	0,078954757	0,692492014	0,95542665	0,829598616	0,870984338	0,787862236	0,676161015	0,106462829	0,426372847	0,136165323	0,82237436	0,756091993	0,360140837	0,733053078	0,181173102	0,553878808	0,822513994	0,629561695	0,055473612	0,041772782	0,164353175	0,668916937	0,153754767	0,652799208	0,396139421	0,953236631	0,434142638	0,995618277	0,221429359	0,785470787
0,765002909	0,100516553	0,992849128	0,838828679	0,117846902	0,931461873	0,247346757	0,574915599	0,595682931	0,595685225	0,099129778	0,715225792	0,605301789	0,294558689	0,221642104	0,768747793	0,117196547	0,470025156	0,538751547	0,19386802	0,251552582	0,200870055	0,68472888	0,713588298	0,31811412	0,40926459	0,085947448	0,774785275	0,124287476	0,084036795	0,146874378	0,856872403	0,773648586	0,803457108	0,663362401
0,076293724	0,211447446	0,928812397	0,61974626	0,48744857	0,67589493	0,275724879	0,363815372	0,232840968	0,518114295	0,605430617	0,925042816	0,715196869	0,775904994	0,845820163	0,522271769	0,907752582	0,609675628	0,58966279	0,361677194	0,309261915	0,278720563	0,596965837	0,990986891	0,148946014	0,43737911	0,528127662	0,098051425	0,143106425	0,823724303	0,749260019	0,78066768	0,410372936	0,283031795	0,427209575
0,521896543	0,396208229	0,960378343	0,435194482	0,661241637	0,375415764	0,195625051	0,543361223	0,388058883	0,885167032	0,057094021	0,756266179	0,878008916	0,458462578	0,317972537	0,591549889	0,953299694	0,352600609	0,160143796	0,703794973	0,736895675	0,249950647	0,518570745	0,044488396	0,207905874	0,037999584	0,467824224	0,960324548	0,897255758	0,293577352	0,739404147	0,223895725	0,1305582	0,160551328	0,753314377
0,339093091	0,647745429	0,123897615	0,099731726	0,384859689	0,698551591	0,214157035	0,836781918	0,384600057	0,806905406	0,054425743	0,203626562	0,358990838	0,28664363	0,480683351	0,839000564	0,696663526	0,524905167	0,780240115	0,179979396	0,226336193	0,016217988	0,085822085	0,88890503	0,874330943	0,165192438	0,229572753	0,503093231	0,671782953	0,980494182	0,20596137	0,414714043	0,181924621	0,77184645	0,111970033
0,338352451	0,598372012	0,080900764	0,01120718	0,667558876	0,151711548	0,62406154	0,673614333	0,915544695	0,818304427	0,386029359	0,374793506	0,448231046	0,519941241	0,298342625	0,190993769	0,718673537	0,000143347	0,086111024	0,707367878	0,734635811	0,494526554	0,296025647	0,020989024	0,748100044	0,457899734	0,088292437	0,586238454	0,126885229	0,560825435	0,860364065	0,87927178	0,530925007	0,911852585	0,516379692
0,661103022	0,121131216	0,84298664	0,487092743	0,260064927	0,945383958	0,168850376	0,935710322	0,544042794	0,348060288	0,90768131	0,606700734	0,709043027	0,235641594	0,215217126	0,267977519	0,22007324	0,701957702	0,349929261	0,718693409	0,583596365	0,924448141	0,711811334	0,749425037	0,901164056	0,280202599	0,121741991	0,22904035	0,300431359	0,356129587	0,497959469	0,546044664	0,802472502	0,880276902	0,70343194
0,612728069	0,937729535	0,859231055	0,208867523	0,336790148	0,308209615	0,581185915	0,78211109	0,182933769	0,962514484	0,076844834	0,224166193	0,460190342	0,781171498	0,259645705	0,774927234	0,528743258	0,230144523	0,343313246	0,56356328	0,100951958	0,610305196	0,343910918	0,718881352	0,646029552	0,01497932	0,720626501	0,147081634	0,571157416	0,776638524	0,920009435	0,648249934	0,336417962	0,418362836	0,158192323
0,189461575	0,720864277	0,772169035	0,749649099	0,003452715	0,931714603	0,652864155	0,881429876	0,377924003	0,23393067	0,823313221	0,874221295	0,597068412	0,268833102	0,969388092	0,904463197	0,331315885	0,880267047	0,677191548	0,329457903	0,806636047	0,425946211	0,07399874	0,513482952	0,49272706	0,389820197	0,920576927	0,647824657	0,626740589	0,989961004	0,17375852	0,811475534	0,210888085	0,845185637	0,247991968
0,450925522	0,219256143	0,229265679	0,194895996	0,20371415	0,544968014	0,085027845	0,373773187	0,941542065	0,278869686	0,636672446	0,196788959	0,484979675	0,157517858	0,286110903	0,576808839	0,383195224	0,3561132	0,662436095	0,019255906	0,748535188	0,150177236	0,922731931	0,218228089	0,434940125	0,924139498	0,253963882	0,945123825	0,823788781	0,647068359	0,263371101	0,763031024	0,189020386	0,728464934	0,913360154
0,517949273	0,974271697	0,434949497	0,802331048	0,832649979	0,485070685	0,617340995	0,511223616	0,016799784	0,085329574	0,575762859	0,076780079	0,808143467	0,487060933	0,257307697	0,970877922	0,956806754	0,453300055	0,716854754	0,823380983	0,003630825	0,094328119	0,923810968	0,656129192	0,427580323	0,717469213	0,131897203	0,853757629	0,045633583	0,062562368	0,2521838	0,991488763	0,972719652	0,389887933	0,844419555
0,742918557	0,803034383	0,239681757	0,811066639	0,758215047	0,1888009	0,875683131	0,401197072	0,262909895	0,714230366	0,14864661	0,468480779	0,535485805	0,150159973	0,123745672	0,075169424	0,729731587	0,773330698	0,542747369	0,92088172	0,267802803	0,061841064	0,593788241	0,637630243	0,661315125	0,951276867	0,837395071	0,854320907	0,268814282	0,472013441	0,260965392	0,528659507	0,078343216	0,467699466	0,124953617
0,65900777	0,669464811	0,723511231	0,547461647	0,280657428	0,014948188	0,781843742	0,663983547	0,839328021	0,442085681	0,217490751	0,560536195	0,152272337	0,808852089	0,980367488	0,551645228	0,732416654	0,240210742	0,416635881	0,931832874	0,288535971	0,774356704	0,634106174	0,623488496	0,889099985	0,864670524	0,027372777	0,207470414	0,594087137	0,616373233	0,905522213	0,822020061	0,821271775	0,978959511	0,793778398
0,183075116	0,385948307	0,333689869	0,961355352	0,445590074	0,863719991	0,344135157	0,112671339	0,570212167	0,21233142	0,195166628	0,103996144	0,476650091	0,042490188	0,75004961	0,832232261	0,606987758	0,872964574	0,352539246	0,540417564	0,868488608	0,651433373	0,52624641	0,440394065	0,09735365	0,226044689	0,406888442	0,598656242	0,716841745	0,687594813	0,229841649	0,917562131	0,335930471	0,174779137	0,21836804
0,489608366	0,466793008	0,360714792	0,686822407	0,000408554	0,690564596	0,755333201	0,122583906	0,286408256	0,499136758	0,815640132	0,529985028	0,445605377	0,085831485	0,920002394	0,450294283	0,323337079	0,422278258	0,429647064	0,441192471	0,911110499	0,971258719	0,25250857	0,934914092	0,217385072	0,944128683	0,740140454	0,819886348	0,584749133	0,97921588	0,401410628	0,223390764	0,601741436	0,085791039	0,600990315
0,398322951	0,089181832	0,475289291	0,107311892	0,564303964	0,874998081	0,220889919	0,486925509	0,426523466	0,049740132	0,631495162	0,525995574	0,305540276	0,286110226	0,082993624	0,933021067	0,111555924	0,95440912	0,174459148	0,896764492	0,143116531	0,550213392	0,81370276	0,859749557	0,681488267	0,40874379	0,27831105	0,958179501	0,07265664	0,72446586	0,220775043	0,163528762	0,388418358	0,565453345	0,371511895
0,593695345	0,663466267	0,81724909	0,844831373	0,883934901	0,443955473	0,660035788	0,963531427	0,92814434	0,609153037	0,851149622	0,113979439	0,30905254	0,895028149	0,991532848	0,498331387	0,183926354	0,853818208	0,113212697	0,193995617	0,658699534	0,310454751	0,903886495	0,616133726	0,803503006	0,591935704	0,388844688	0,753488354	0,300971387	0,697452012	0,488278584	0,6903773	0,697963756	0,920296718	0,6315706
0,761652445	0,543817094	0,302350001	0,57661908	0,234987912	0,342992741	0,312714206	0,457792614	0,121333189	0,505008347	0,812550179	0,843524497	0,293993336	0,984897516	0,512632304	0,385742294	0,528028154	0,415356257	0,98235097	0,211162382	0,778558918	0,964094326	0,466345938	0,407141269	0,358793121	0,110844195	0,103895357	0,69738849	0,881589438	0,316920863	0,210516713	0,202589852	0,113254793	0,265339699	0,205250465
0,927276948	0,17481722	0,574793748	0,382112177	0,677021709	0,723291727	0,313894589	0,015142145	0,463294803	0,112428643	0,67705631	0,780857961	0,723986681	0,684043737	0,142927583	0,98087558	0,975481785	0,72588511	0,104610533	0,752971056	0,292057701	0,84552681	0,087279597	0,582760168	0,88010669	0,727639893	0,279907907	0,985654596	0,039982583	0,767818997	0,25762259	0,550767053	0,305100308	0,387297393	0,623925814
0,056576743	0,190682019	0,44471975	0,145764532	0,799004574	0,245381535	0,848720468	0,664115476	0,075041389	0,390565738	0,757131857	0,335439895	0,833473154	0,295450032	0,281938627	0,221620485	0,339525098	0,801744874	0,700102294	0,817459963	0,07767894	0,172843891	0,620231378	0,103754513	0,645681137	0,931487377	0,573767196	0,30709506	0,617840813	0,568062077	0,007834842	0,327514617	0,394869761	0,930021577	0,321571721
0,44826711	0,812398721	0,797750311	0,597847254	0,146355729	0,030780245	0,577381181	0,444347988	0,019813629	0,745080029	0,541232469	0,386475021	0,47766188	0,218690075	0,209781306	0,548655959	0,73821039	0,998511634	0,156954981	0,872877483	0,034939936	0,604574443	0,855897569	0,853202113	0,842229807	0,318655012	0,270940605	0,623025494	0,279884995	0,033685361	0,324150949	0,022739009	0,367407241	0,382721407	0,143763948
0,195690484	0,357826448	0,050737243	0,447248233	0,909246716	0,335748646	0,652362118	0,024217809	0,858954848	0,243077154	0,358493371	0,281661414	0,248405359	0,359490763	0,136884072	0,361318769	0,556501112	0,461767628	0,256729078	0,087027599	0,455515906	0,426012649	0,743784516	0,577442845	0,232238806	0,549230239	0,596787028	0,435316179	0,365644887	0,406008964	0,282953386	0,011593286	0,522710604	0,967546433	0,497266628
0,918509316	0,473037306	0,374555828	0,388833754	0,629078915	0,867446188	0,187730296	0,453144239	0,240025755	0,413761113	0,209350246	0,064207678	0,214224274	0,974698899	0,486303383	0,981526123	0,076273529	0,384216393	0,816349267	0,416731526	0,055600214	0,830422483	0,402698185	0,765543967	0,696525371	0,546902798	0,718570391	0,502109197	0,422196762	0,051367609	0,297119175	0,891961951	0,423743228	0,897366814	0,392094476
0,943028026	0,304726236	0,582383998	0,851584491	0,566022596	0,557573048	0,60537632	0,488254471	0,279058956	0,457170607	0,592410817	0,388490291	0,21627253	0,790025235	0,522029859	0,200705169	0,693111298	0,080782188	0,404592586	0,835756331	0,1736987	0,424147935	0,379499837	0,490218003	0,955469643	0,882519851	0,257824514	0,66050386	0,806698635	0,838779129	0,230694167	0,048591728	0,724992957	0,323228271	0,034388357
0,277674068	0,547251405	0,935480557	0,396685907	0,551980257	0,716151903	0,763021468	0,931158062	0,757495172	0,409507056	0,12722196	0,444057682	0,207322624	0,92207828	0,201745518	0,903213636	0,854216491	0,171554059	0,898341604	0,166580644	0,368333138	0,488243679	0,348900886	0,23050124	0,971752798	0,452928592	0,945146452	0,528843859	0,966540999	0,686904175	0,8168381	0,251854702	0,285815863	0,152938663	0,378955999
0,369191973	0,609008981	0,846672475	0,120719078	0,844649789	0,22541623	0,763915214	0,087078756	0,659083951	0,787354455	0,882321992	0,056198101	0,988926429	0,014081468	0,660088676	0,211317835	0,515864178	0,84966894	0,751125343	0,071653738	0,316554904	0,827888547	0,6178957	0,002284407	0,524584555	0,662096771	0,551267594	0,956575527	0,116181759	0,66615043	0,813414033	0,049166426	0,906041173	0,444002929	0,939525641
0,542656642	0,623713242	0,986114992	0,684743852	0,648701271	0,30645617	0,280272386	0,157509072	0,587118164	0,50930296	0,705644045	0,227190052	0,212265407	0,434379668	0,682150927	0,283716928	0,894078982	0,710602185	0,351314933	0,983301339	0,36174309	0,696672569	0,621159733	0,043067723	0,880736881	0,256511205	0,417328138	0,858917168	0,748298503	0,968998879	0,081062018	0,905577504	0,366499129	0,178140856	0,715592548
0,794934396	0,394637747	0,060223289	0,953413048	0,017517196	0,641097634	0,827053672	0,118926513	0,729228137	0,141538712	0,691628347	0,47626418	0,948096519	0,319229345	0,158107466	0,16472918	0,737270056	0,582002693	0,909351394	0,824170683	0,890739313	0,237446167	0,444601786	0,805236701	0,282645629	0,813160371	0,162341283	0,268023416	0,604242367	0,246806355	0,767035919	0,296727921	0,590554206	0,502243216	0,316944595
0,473161644	0,913250606	0,551611969	0,113056914	0,085918483	0,908650382	0,031587737	0,352979801	0,190575944	0,246259221	0,100218249	0,375644885	0,784737733	0,275427551	0,715367219	0,995505813	0,902702306	0,713935399	0,954574735	0,975862113	0,486094524	0,64052658	0,772963082	0,80432354	0,365136083	0,516142577	0,347316531	0,415532586	0,426539845	0,358828642	0,736572209	0,394930034	0,644110313	0,750957406	0,209243085
0,005702272	0,491496073	0,031267792	0,493355302	0,986862483	0,94978223	0,355817525	0,85350426	0,117438494	0,112729603	0,067958509	0,682938721	0,378664521	0,827196877	0,295593367	0,200626918	0,527263383	0,067254362	0,703925556	0,602210174	0,555724527	0,283116829	0,391658299	0,748310059	0,634591291	0,726964317	0,124380559	0,468497253	0,476046661	0,890227851	0,460009551	0,228874865	0,638008635	0,599897889	0,206892371
0,696591198	0,330013556	0,463440301	0,50172806	0,787295975	0,839770179	0,585120962	0,211791371	0,281231833	0,034333613	0,16312639	0,330498218	0,024540889	0,641486381	0,914945264	0,293278515	0,820978723	0,280032888	0,370297249	0,920963382	0,868856526	0,308774149	0,587002455	0,383402035	0,975214759	0,874014491	0,188395846	0,251314849	0,81402991	0,288823814	0,486240093	0,298803739	0,24150151	0,75541825	0,658364492
0,715660797	0,46658353	0,075406557	0,419836432	0,123356101	0,756238997	0,384562349	0,601384592	0,405468494	0,761627702	0,454304678	0,784671725	0,428207248	0,778436868	0,469056453	0,322763933	0,221048575	0,52175623	0,276969516	0,458694631	0,865592744	0,437023138	0,392316519	0,102720143	0,590230215	0,737884901	0,93475323	0,528083744	0,60661922	0,625860212	0,775296302	0,50844522	0,488488912	0,91600113	0,646535412
0,865091222	0,827941962	0,586115803	0,050657943	0,37024803	0,868818615	0,023236772	0,19921592	0,805038057	0,466623022	0,789687716	0,186928869	0,273410439	0,41513689	0,351910035	0,562706218	0,773150835	0,868384148	0,353136747	0,032906794	0,006547944	0,626446583	0,243042285	0,90780345	0,122681031	0,941567072	0,503458751	0,274473327	0,97492091	0,180880179	0,037925615	0,810733768	0,751842014	0,579812414	0,629592624
0,40390041	0,805849017	0,445322386	0,253343646	0,455964387	0,217878457	0,922113811	0,695801716	0,148074649	0,486755733	0,444561978	0,293771819	0,014652634	0,281996615	0,597491789	0,105671983	0,903701916	0,556407375	0,754535612	0,170696051	0,432553147	0,242905115	0,413407697	0,037268261	0,916464241	0,151642473	0,66570887	0,739774423	0,454325297	0,456859696	0,199575564	0,441210135	0,493524626	0,064035592	0,412905317
0,023822699	0,023685801	0,533342287	0,55655045	0,348777173	0,51434983	0,077307326	0,11320049	0,941614912	0,693358452	0,248211998	0,395969101	0,4972212	0,731982619	0,809012423	0,719395798	0,546910684	0,471708947	0,641287116	0,277738647	0,281884013	0,130473848	0,597871168	0,73588534	0,228317972	0,534228661	0,295322543	0,731793533	0,652858676	0,144834641	0,700986031	0,817752171	0,605641545	0,621222266	0,322975896
0,236569196	0,126856281	0,813868458	0,804473741	0,922721202	0,531167731	0,514731345	0,030548793	0,306545493	0,473118631	0,238028585	0,688741713	0,725336557	0,897368576	0,860443946	0,188544366	0,621926864	0,724102614	0,119983047	0,66337173	0,843967776	0,736683881	0,986437967	0,707334291	0,238950099	0,530020698	0,816257192	0,795804	0,481309969	0,745429483	0,565804813	0,560991841	0,538667461	0,579683346	0,039894534
0,290376491	0,204101053	0,558628743	0,59608028	0,574866228	0,478916188	0,114940395	0,298673632	0,263134516	0,082369991	0,478872797	0,895084317	0,364750022	0,141928172	0,427136162	0,190043296	0,847383374	0,556350764	0,11029914	0,264057505	0,297121267	0,756535154	0,856226332	0,837477872	0,685829101	0,485142196	0,418605261	0,240861465	0,967235982	0,028987562	0,184515179	0,393077491	0,514465656	0,737154236	0,17586283
0,479550077	0,764927629	0,343900678	0,050735265	0,823696614	0,777925416	0,281699226	0,650255869	0,028259885	0,33316297	0,225697184	0,199274071	0,175004402	0,513233432	0,773867828	0,344373141	0,958197586	0,651045041	0,995225091	0,046651654	0,058020628	0,66584886	0,131881143	0,342327945	0,786482838	0,06989349	0,099055089	0,132699356	0,284504626	0,791454767	0,049070905	0,139066713	0,975286332	0,145128284	0,523845779
0,523385536	0,127873515	0,580690428	0,124184387	0,536719857	0,352820621	0,484105949	0,380343187	0,691906473	0,126380189	0,417045247	0,1719501	0,382233876	0,257696065	0,262673763	0,466530613	0,135206408	0,035753075	0,29882318	0,570057183	0,42382488	0,1283222	0,032945694	0,419466055	0,991260868	0,778109402	0,663247997	0,031297936	0,194670435	0,099892248	0,505016742	0,416260908	0,272679074	0,760633077	0,168695361
0,639173783	0,870936201	0,043397959	0,008612781	0,021469915	0,505330784	0,439123268	0,85228018	0,747714737	0,0706515	0,181913631	0,815324558	0,331642571	0,289544155	0,951556569	0,390680048	0,262778684	0,66579388	0,932502707	0,80016012	0,066054816	0,797952849	0,083961717	0,502674331	0,212889588	0,656232671	0,765269985	0,990198425	0,378200251	0,352587201	0,992095348	0,573569006	0,959877894	0,040973488	0,054974366
0,550251511	0,028318941	0,252109543	0,0889321	0,242390824	0,26714904	0,955096932	0,815373143	0,574980914	0,243122594	0,054728813	0,6584612	0,545046126	0,996835077	0,567679579	0,540676241	0,307901534	0,537157217	0,602671273	0,791951628	0,521371353	0,18715274	0,48730877	0,625649222	0,769848563	0,370818782	0,315896518	0,082226055	0,726336505	0,316030484	0,015056222	0,17879388	0,302448989	0,568440637	0,650494544
0,15071655	0,991036314	0,229719603	0,706173138	0,28945839	0,653840932	0,652231268	0,623285329	0,849237941	0,085764507	0,929560039	0,368945832	0,148264288	0,98883991	0,669531856	0,730144238	0,743234726	0,234744456	0,976037981	0,986294503	0,92803314	0,266685984	0,531924821	0,252937619	0,63558409	0,432473626	0,041994776	0,952316386	0,233475376	0,931930634	0,19964369	0,770653324	0,988874977	0,193366104	0,386297692
0,664756229	0,613120529	0,378187726	0,66412878	0,76069558	0,351676571	0,981368168	0,842668769	0,985002	0,536498429	0,141557613	0,550545518	0,353144648	0,552034069	0,078817075	0,116275699	0,729022713	0,753926418	0,167662963	0,161039821	0,063696206	0,004508628	0,072642763	0,504979136	0,209052485	0,535025708	0,577731473	0,15737921	0,433998249	0,068281736	0,344281519	0,575865681	0,135923164	0,336800652	0,672001193
0,489100166	0,288631445	0,960579328	0,854755486	0,165452145	0,796976187	0,435379486	0,552374497	0,462463388	0,366584872	0,08924957	0,938005926	0,940022277	0,795003765	0,926780368	0,442607273	0,802907669	0,602704988	0,272513077	0,514657887	0,512831711	0,289846986	0,821261022	0,592985747	0,470496568	0,051255106	0,625911746	0,363330203	0,213945269	0,242453429	0,792484908	0,638234616	0,160053366	0,633248375	0,228885832
0,621053974	0,434557188	0,155705416	0,211210381	0,755544269	0,270891874	0,284575571	0,497206831	0,993424531	0,763766574	0,018005967	0,962288273	0,194738763	0,170903193	0,473941955	0,950212868	0,820261856	0,57398171	0,730889879	0,37245523	0,433514103	0,776027693	0,61904337	0,085648853	0,42763298	0,467222122	0,913467458	0,511609542	0,804231863	0,774814217	0,404408912	0,021913222	0,679998175	0,637264425	0,70866053
0,596055731	0,055890654	0,734603719	0,032771138	0,814217033	0,525529	0,672553304	0,843835892	0,328952194	0,687302588	0,711882849	0,429471042	0,025278472	0,833775286	0,018052352	0,639740229	0,009598943	0,558860429	0,4019523	0,557212331	0,536399929	0,530450481	0,936436072	0,549018674	0,183494176	0,895009534	0,900142921	0,241372567	0,037574878	0,984016633	0,893630321	0,720827094	0,059025295	0,9036126	0,467409392
0,487332651	0,129758143	0,94881907	0,318888178	0,377782393	0,395757501	0,455089664	0,848660717	0,726168837	0,375460323	0,499833003	0,48549794	0,421046924	0,397809038	0,217601186	0,89016201	0,73941296	0,978367047	0,120199404	0,435067508	0,499198874	0,949308437	0,879462542	0,356674093	0,708979826	0,229575359	0,23569018	0,694368132	0,302521716	0,190434908	0,738769394	0,626544217	0,124951287	0,464400785	0,563752196
0,471008323	0,948320746	0,57052451	0,055940252	0,496636402	0,928368852	0,537958248	0,840543715	0,612777113	0,863019695	0,278265241	0,296564964	0,181706211	0,792758424	0,288989583	0,617864567	0,493106428	0,579956874	0,2570424	0,63509574	0,548279056	0,964802935	0,895207458	0,142669092	0,44214624	0,500337447	0,876539664	0,045868513	0,019899568	0,140353104	0,784280791	0,691697897	0,399565434	0,722443592	0,465131357
0,724505045	0,651494739	0,70664534	0,565274699	0,290114254	0,377014076	0,055418029	0,037278129	0,137695167	0,025201573	0,087593293	0,746316408	0,455276427	0,280550459	0,747158102	0,800696281	0,730034324	0,586236125	0,235486399	0,815428509	0,107034658	0,671654505	0,568841869	0,646455309	0,468914265	0,998729045	0,713692693	0,07416352	0,239618108	0,603290025	0,454208171	0,377876707	0,656464622	0,7083895	0,540986062
0,884987268	0,520684015	0,616056861	0,881688438	0,98643723	0,872465301	0,269421829	0,261835749	0,593835097	0,262778533	0,689483668	0,192609314	0,579080218	0,895639545	0,848083575	0,311725331	0,437213797	0,118193824	0,167831507	0,080237082	0,642900827	0,474271966	0,44678355	0,306145041	0,34511432	0,0316569	0,351692653	0,353472912	0,155555973	0,459071635	0,236853304	0,111049676	0,017551113	0,979983494	0,372935592
0,943605875	0,265964192	0,253425282	0,479543918	0,374222907	0,062776993	0,927247523	0,148447679	0,282788686	0,164012046	0,996847138	0,671393442	0,100791012	0,227095572	0,859478976	0,882395282	0,172799004	0,544582931	0,088808589	0,059556831	0,130367254	0,039106901	0,467998909	0,33367829	0,127654642	0,290954298	0,629699411	0,806517586	0,69197621	0,830947212	0,791815926	0,526065852	0,788546589	0,891390663	0,077642007
0,547034139	0,596369349	0,07897658	0,658034817	0,23582595	0,605802942	0,866260644	0,761830379	0,374624166	0,420330721	0,579267557	0,202568609	0,639174232	0,605687908	0,860413817	0,412470841	0,373622896	0,273230344	0,377861436	0,463825459	0,145612965	0,284191377	0,409998037	0,87056783	0,91004333	0,257075709	0,045911528	0,611688297	0,94137438	0,935951369	0,649113006	0,42953296	0,558459476	0,80865095	0,437917967
0,118419621	0,679790196	0,445249249	0,533263598	0,167092939	0,254034646	0,691300812	0,111353327	0,948692493	0,510079298	0,181691638	0,69073059	0,554180335	0,19309736	0,972755459	0,153595208	0,411437464	0,300362121	0,896276767	0,549649828	0,296249156	0,877854187	0,071836475	0,99083241	0,474194441	0,621764185	0,77417372	0,042288272	0,325233677	0,128376702	0,904194466	0,286494637	0,788184329	0,211314719	0,233930171
0,483645148	0,338298212	0,62852518	0,320812405	0,591951225	0,247317241	0,726040795	0,057844961	0,319873877	0,346490021	0,230463517	0,170930868	0,944625091	0,612222427	0,57517639	0,189057436	0,202070712	0,149822913	0,235154962	0,972454952	0,043749255	0,66186855	0,717349994	0,082910998	0,087066905	0,514013955	0,107934235	0,967681224	0,154045455	0,768177006	0,172343502	0,362881924	0,973734477	0,226342882	0,558144848
0,163213923	0,232178069	0,846822917	0,572000308	0,460910369	0,95317004	0,24784507	0,210709758	0,247287493	0,560665386	0,546696805	0,097753769	0,756248531	0,695864367	0,00248272	0,040690539	0,317247904	0,451379228	0,366609707	0,375869832	0,925207054	0,670494848	0,434802233	0,610780497	0,721302145	0,676644319	0,029028066	0,162240372	0,968429919	0,870045043	0,026894614	0,123745822	0,00497205	0,701612058	0,669807553
0,452590392	0,727618838	0,921441361	0,837112963	0,651322389	0,328404069	0,69299086	0,125714852	0,468328269	0,59272819	0,306355618	0,798836548	0,780566878	0,20263841	0,527559231	0,588237469	0,457028336	0,213251988	0,269944185	0,744584485	0,418632275	0,611691992	0,378290968	0,486037981	0,510035041	0,860553683	0,121155339	0,521321565	0,695696122	0,592714387	0,535210292	0,150081026	0,508927336	0,826485212	0,429861524
0,323286564	0,656197087	0,292263033	0,693638258	0,228515992	0,922853699	0,722553105	0,996484893	0,18132909	0,520311873	0,852900184	0,332205478	0,196515257	0,664225013	0,411530025	0,568385335	0,906600176	0,653726943	0,963152993	0,480223772	0,260092305	0,720838843	0,771833145	0,659198539	0,606517824	0,349568338	0,112161425	0,724186724	0,244981445	0,577924513	0,774167324	0,620901783	0,73979887	0,280732828	0,355772446
0,628199881	0,188468964	0,826305882	0,919962187	0,393737388	0,911556331	0,635315209	0,269907276	0,863138667	0,846140029	0,658115362	0,820610848	0,569071541	0,506663812	0,372812237	0,551240453	0,08509227	0,436201672	0,09717829	0,474344847	0,437532166	0,248704173	0,143377593	0,942141189	0,89383394	0,823125633	0,289726738	0,53833454	0,646316407	0,913560387	0,447994494	0,707694696	0,268612494	0,97288357	0,603844646
0,651284604	0,269031106	0,029708117	0,69625428	0,001164327	0,881193757	0,379848628	0,964077829	0,810164368	0,033612903	0,578337023	0,082087598	0,841737392	0,146966651	0,526548281	0,318501448	0,111705832	0,433802483	0,578824519	0,005928805	0,113041387	0,762120557	0,54940912	0,652684334	0,067927222	0,845300028	0,148308876	0,126471039	0,27160711	0,12932056	0,342225846	0,392987246	0,070184874	0,838726005	0,886441287
0,495158675	0,119068481	0,241521626	0,542043462	0,48997809	0,781918094	0,686261022	0,88231946	0,63531353	0,322590019	0,409593682	0,082004228	0,162765353	0,909163221	0,43961535	0,250028356	0,572121377	0,834232922	0,965941216	0,486222748	0,601582693	0,455723358	0,311360747	0,485322015	0,789218744	0,951784326	0,278070956	0,664920436	0,217739693	0,161365508	0,068342247	0,959747049	0,499901785	0,783004965	0,234198704
0,105963073	0,468390373	0,725285695	0,042049522	0,074588649	0,535208854	0,52641677	0,46764865	0,247418995	0,984816078	0,344163585	0,22239867	0,088738843	0,322503795	0,059670566	0,825404351	0,163616466	0,076308446	0,518741989	0,034399129	0,061317133	0,347077888	0,754170157	0,400583064	0,042387684	0,977905194	0,738813404	0,45034985	0,527160624	0,625091544	0,157292457	0,725728997	0,565047872	0,359418107	0,818976802
0,81668821	0,276880136	0,619051234	0,313192572	0,00891975	0,254527128	0,562710496	0,872437296	0,399788986	0,445436176	0,626810531	0,063932989	0,63288923	0,408486319	0,467262233	0,197102773	0,100482498	0,091711937	0,752300217	0,011722267	0,91058133	0,93879614	0,248390837	0,436700999	0,644409538	0,471161253	0,065561879	0,130724462	0,774905336	0,506328252	0,895397497	0,464785245	0,760753756	0,66343213	0,477747187
0,556877207	0,191453139	0,363512956	0,204831839	0,909898949	0,68367784	0,973942696	0,102947365	0,036976976	0,734265167	0,99848995	0,719487068	0,198671863	0,758991096	0,313108223	0,631108244	0,749282822	0,344519472	0,767465478	0,342298515	0,325409505	0,441552172	0,485314417	0,819125506	0,271795338	0,90759141	0,244694175	0,2424721	0,111537332	0,655828866	0,543731855	0,107784135	0,966508031	0,595130555	0,30679071
